"index","STORE_NUMBER","AREA_LAND","AREA_WATER","POP_EST_CY","POP_DENSITY_CY","POP_MALE","POP_FEMALE","AGE","TOTAL_VIO","EDU_TOTAL","EDU_HIGH_SCHOOL","EDU_SOME_COLLEGE","UNEMPLOYMENT_RATE","BLUE_COLLAR_WORKERS","MEDIAN_HOUSEHOLD_INCOME","ESTABLISHMENTS","EMPLOYEES"
0,5118,4481.376,248.865,17067.425,0.002,8350.813,8716.613,33.315,11525.563,11777.076,3998.535,2651.414,0.106,2854.45,66528.765,866.788,22239.554
1,7549,2213.863,48.894,8771.945,0.002,4308.449,4463.496,34.041,6750.517,5979.528,1823.401,1160.137,0.062,1506.2,73371.861,344.185,6006.71
2,5146,5939.446,94.086,10590.171,0.009,5257.974,5332.197,33.762,7920.702,7269.847,2672.329,1786.124,0.122,2051.449,52578.55,262.5,3575.477
3,7831,2066.849,189.05,8396.217,0.002,4122.783,4273.435,35.085,7080.186,5906.051,1652.434,1187.356,0.07,1151.766,66115.144,312.616,2978.548
4,1945,2757.085,100.835,16720.962,0.005,8197.28,8523.682,33.316,12005.287,11478.569,4179.969,3057.276,0.412,3104.208,47421.457,442.108,8295.477
5,9013,3429.91,79.729,25498.476,0.002,12458.258,13040.218,33.13,16641.724,16992.909,3057.314,3058.927,0.063,3927.89,79295.216,1015.489,17923.721
6,8425,2055.481,178.639,22920.44,0.001,11291.042,11629.398,33.388,15085.526,14511.088,4713.308,3124.644,0.182,3662.249,69345.533,591.667,9576.333
7,6923,3700.142,78.333,11163.738,0.002,5431.025,5732.713,32.198,6905.238,7263.598,2540.532,1882.392,0.124,2143.347,53495.111,251.706,4011.083
8,8701,910.607,15.105,24582.355,0.001,12055.978,12526.378,29.224,9000.107,14644.656,4728.494,2707.527,0.282,4969.098,48911.093,333.887,5241.145
9,1602,8493.626,177.994,22129.086,0.007,11103.922,11025.164,36.415,16508.362,15301.694,6555.84,2723.568,0.232,4333.524,59313.694,436.965,6456.107
10,1845,2865.925,182.1,24425.584,0.001,12016.004,12409.579,33.338,10344.524,16408.335,5192.266,3002.446,0.288,5082.165,59811.603,600.653,15370.118
11,6575,1685.334,25.522,12248.533,0.001,6052.262,6196.271,30.889,7245.954,8001.388,2689.529,1689.531,0.088,2732.17,56187.87,301.961,7330.245
12,8978,792.36,15.452,13275.993,0,6676.003,6599.991,29.264,5452.605,7690.166,2543.837,1217.83,0.115,3038.404,47793.526,144.831,2440.096
13,8757,1751.121,141.618,7953.335,0.002,3877.359,4075.976,34.444,6032.553,5301.404,1370.231,1226.072,0.057,1162.47,67503.333,211.319,2523.343
14,8993,1785.784,80.753,13339.443,0.001,6424.561,6914.882,32.661,9936.731,8920.589,2131.781,1860.934,0.07,1904.565,74227.463,422.083,6470.062
15,4235,11626.693,316.115,10866.048,0.013,5330.5,5535.548,34.305,8171.615,7181.128,1991.899,1732.088,0.078,1715.832,53281.867,218.108,3084.214
16,7366,1782.236,26.011,26819.547,0.001,13406.421,13413.126,31.377,15404.547,16654.639,5535.771,3010.442,0.146,6466.521,57391.599,685.369,16126.592
17,6448,1247.341,22.394,14292.059,0.001,6953.334,7338.725,34.042,10156.011,9843.918,1977.936,2081.391,0.102,1826.734,73913.143,903.105,18398.986
18,5196,1861.145,287.368,15145.541,0.001,7288.795,7856.745,34.024,8964.547,10389.512,4183.048,2104.646,0.166,2987.361,61377.789,417.734,8287.835
19,8803,746.709,12.635,9400.4,0.001,4598.606,4801.795,33.422,6392.059,6255.062,1118.822,1154.128,0.12,1179.168,72306.85,389.509,5655.295
20,8920,2045.731,99.812,26112.743,0.001,12875.983,13236.76,33.032,14226.445,17492.508,3218.17,2673.191,0.12,5137.958,75873.456,1120.659,15656.648
21,6521,1477.366,26.092,13487.29,0.001,6862.319,6624.971,32.456,8943.595,8858.033,2347.713,1901.654,0.122,2427.738,64285.541,533.465,9181.428
22,8940,7037.153,43.63,10517.759,0.011,5345.906,5171.853,34.276,7424.929,7239.079,2729.996,1747.168,0.291,2141.368,59586.828,334.654,5243.634
23,1955,3535.326,89.971,15801.927,0.004,7709.631,8092.296,32.685,10533.454,10584.293,4325.319,2450.406,0.285,3230.584,47234.478,366.472,7345.539
24,5192,3618.146,205.419,16857.054,0.002,8096.262,8760.792,33.701,8923.109,11675.77,4131.472,2286.204,0.222,3129.272,59395.843,496.074,12027.778
25,6297,4146.516,98.708,12530.407,0.003,6272.89,6257.517,34.185,8967.93,8296.052,2256.661,1674.943,0.068,2077.354,74500.903,584.58,11096.443
26,7910,789.948,12.861,7079.755,0.001,3518.964,3560.79,30.979,4683.917,4464.242,760.193,852.318,0.069,894.148,67610.333,236.07,3468.947
27,8152,3740.552,147.057,15521.46,0.004,7505.775,8015.685,36.374,12061.478,11183.559,4159.35,2093.97,0.2,2941.573,60367.856,388.215,5237.965
28,1605,3259.888,425.98,11567.167,0.002,5623.733,5943.434,34.057,8613.186,7835.084,2586.585,1851.038,0.083,2094.624,60702.856,362.972,4930.77
29,8669,1901.486,29.705,9414.261,0.002,4679.091,4735.17,32.852,6567.18,6123.609,1399.632,1282.298,0.102,1263.912,70550.646,461.004,5622.836
30,8881,812.276,28.957,14273.228,0,7012.988,7260.24,31.082,8669.914,9819.686,3401.267,1740.699,0.073,3444.253,56154.13,292.003,3847.857
31,6728,1193.324,15.395,20901.891,0.001,10259.18,10642.711,30.295,10914.127,13206.12,3394.064,2550.65,0.098,3729.86,53086.019,423.809,6179.239
32,8123,1272.379,48.592,16641.231,0.002,8486.942,8154.289,32.324,8024.837,9684.424,2940.769,1623.971,0.403,4144.354,64169.062,321.63,9725.136
33,2294,3883.606,512.426,8826.568,0.005,4272.355,4554.213,36.568,7257.226,6200.602,2116.943,1274.067,0.131,1503.136,67574.968,306.222,3754.712
34,7551,1935.219,67.24,16243.773,0.001,7460.851,8782.922,32.577,9752.147,11078.455,3794.467,2573.184,0.161,2685.627,69893.019,447.665,7027.552
35,6463,4878.505,35.579,17825.527,0.009,8676.635,9148.892,33.271,10531.951,11407.426,3946.528,2854.838,1.078,3325.967,55553.421,456.953,7655.482
36,7394,1824.45,165.666,13488.075,0.003,6596.438,6891.636,34.378,10353.64,8898.288,2833.895,1913.67,0.102,2212.111,75997.777,264.717,4722.171
37,7755,1215.459,55.208,13917.673,0.002,6792.866,7124.807,32.54,9622.332,9127.909,2717.546,1800.736,0.186,2191.21,59391.398,384.127,6205.163
38,7839,2117.197,56.106,19415.796,0.001,9473.725,9942.071,32.962,9366.719,12318.376,4257.437,2266.143,0.251,3453.483,61207.869,550.446,12076.307
39,7236,2403.609,141.974,13108.917,0.003,6291.892,6817.026,34.052,8840.585,8525.98,2931.104,2150.921,0.137,2079.647,57129.092,314.26,5548.788
40,8787,617.253,120.176,14682.5,0.001,7289.09,7393.41,31.52,9209.358,9708.66,3806.678,1814.989,0.13,3407.502,55047.607,607.251,10352.838
41,8998,2966.473,198.956,20451.46,0.002,10033.392,10418.069,33.922,15171.531,14584.67,2724.09,2536.996,0.071,2459.029,74653.296,1185.843,22271.65
42,8767,3666.024,151.668,13517.819,0.004,6611.627,6906.192,35.166,10660.409,9058.521,2561.899,1956.918,0.089,2109.695,67948.637,281.258,3913.971
43,7758,2632.618,48.284,9706.924,0.002,4727.974,4978.95,32.774,7231.632,6514.524,2030.517,1815.727,0.092,1854.886,57834.54,353.254,4653.695
44,6044,1788.372,16.547,13045.108,0.001,6474.231,6570.877,32.177,8236.507,8307.744,2423.461,1832.295,0.115,2396.178,68663.079,413.184,6368.465
45,7521,1226.856,78.232,20063.156,0.001,9683.298,10379.859,32.386,10486.203,13450.988,4283.327,2688.923,0.289,2755.733,68310.913,458.432,10153.333
46,4076,3476.037,72.993,8641.756,0.007,4245.398,4396.358,33.946,6440.905,5803.439,1417.187,1158.457,0.093,1163.867,52411.603,313.701,6631.333
47,4811,10202.857,104.026,17598.729,0.008,8548.966,9049.764,33.463,11668.149,11107.269,3024.088,2236.908,0.131,2705.21,54768.935,695.044,13555.085
48,6432,1258.775,21.242,29027.664,0.001,14278.556,14749.108,33.243,20044.249,19357.846,3636.816,3273.6,0.157,3990.569,68587.835,1619.046,18361.557
49,9078,2902.564,243.716,16997.926,0.001,8110.036,8887.891,33.961,12598.346,11790.637,3466.965,2550.14,0.067,2518.561,63571.895,512.657,10147.207
50,8877,2273.811,33.429,24913.602,0.002,12660.898,12252.703,31.343,13261.012,15015.489,5342.003,3034.29,0.472,5522.8,60855.407,639.27,12857.292
51,6454,1702.88,30.003,11310.957,0.001,5723.251,5587.705,31.415,6572.406,6809.291,1871.016,1230.624,0.097,2787.964,64436.129,288.982,4612.709
52,8922,3997.514,102.128,17092.509,0.002,8482.545,8609.964,32.233,10520.318,10561.735,2999.161,2125.315,0.075,3458.84,64693.574,600.245,7310.224
53,1609,2561.099,311.287,9381.075,0.002,4565.23,4815.844,34.365,7128.807,6631.719,2662.754,1382.485,0.074,1824.144,64221.639,276.013,5182.321
54,1608,3071.878,282.505,21035.463,0.002,10432.781,10602.681,34.256,16153.399,14261.532,4729.402,3273.292,0.102,3498.942,69208.256,449.918,6748.639
55,2363,2584.82,131.684,16907.738,0.002,7980.344,8927.395,33.535,10540.892,11111.241,2697.023,2016.854,0.111,2949.761,63486.063,518.191,8204.027
56,8805,1650.252,70.487,10834.448,0.001,5210.807,5623.641,32.726,8426.272,7598.512,1806.145,1913.383,0.1,1692.535,73698.139,258.383,3246.318
57,1388,2634.287,57.535,11817.812,0.003,5794.919,6022.892,33.959,6443.126,7490.073,2689.963,1452.953,0.491,1998.234,51806.732,340.633,6537.672
58,6596,774.942,28.796,16655.432,0.001,8298.031,8357.401,32.233,10813.305,10360.626,2618.441,2099.487,0.237,3112.323,68306.172,427.803,5396.395
59,7536,953.649,25.033,12734.993,0.001,5763.667,6971.326,30.909,4353.193,8139.354,2152.248,2177.062,0.432,1656.733,42728.318,141.223,3054.391
60,1915,3229.824,163.517,16808.931,0.003,8743.309,8065.621,33.93,11156.685,11196.815,4367.36,2271.229,0.084,3023.195,59746.186,228.218,3133.56
61,1976,3753.642,66.483,9819.812,0.006,4779.165,5040.647,33.919,7136.59,6865.834,2199.524,1583.572,0.242,1819.382,49204.934,296.06,6224.393
62,6483,4109.232,414.386,18045.127,0.003,8923.396,9121.731,33.922,14580.524,12256.785,4013.583,2905.225,0.108,2865.515,75953.6,448.398,8560.611
63,7157,1821.18,66.843,10944.674,0.002,5332.132,5612.542,33.233,6874.908,7433.822,2697.059,1422.483,0.113,1933.559,64313.258,551.02,8914.549
64,7628,698.481,5.058,7777.49,0.001,3679.798,4097.692,31.884,4994.634,4925.45,1569.62,1261.944,0.175,1288.101,50265.021,111.297,1977.749
65,7395,3342.534,144.598,9320.393,0.004,4565.38,4755.013,34.9,7118.343,6130.584,2369.616,1214.935,0.068,1913.303,70133.658,214.027,3362.069
66,7365,7369.755,157.113,5311.329,0.006,2599.478,2711.851,33.02,4070.276,3585.199,1192.354,794.105,0.042,999.882,72826.716,227.695,3605.519
67,4231,7382.264,195.557,18361.135,0.005,9133.985,9227.15,33.439,11340.331,11756.928,4478.894,2230.445,0.374,3827.913,53858.721,520.973,10678.29
68,9009,1125.362,40.409,28768.683,0.001,14528.762,14239.921,31.913,15317.847,18693.448,4692.11,2929.394,0.24,6302.61,71216.763,621.814,16184.763
69,7775,1828.294,61.699,16577.69,0.001,7712.165,8865.525,32.195,9047.294,10657.108,3583.242,2550.477,0.217,3102.314,70800.947,448.405,11508.381
70,5033,6585.01,126.772,10175.736,0.008,4919.505,5256.232,33.544,7292.339,6990.815,1790.207,1593.216,0.095,1541.114,52103.843,435.99,8855.696
71,7364,2116.254,246.391,12049.931,0.003,5984.953,6064.979,34.27,9135.494,7862.084,2813.651,1672.453,0.082,2095.454,78276.767,294.384,4612.568
72,8794,4925.845,355.466,21046.448,0.003,10431.378,10615.07,34.471,15810.993,13947.186,5301.933,2923.128,0.157,4067.67,65156.738,411.993,6603.931
73,4051,1016.983,13.387,6833.898,0.001,3316.854,3517.044,33.382,5123.553,4903.324,948.092,857.284,0.071,756.01,69681.974,410.286,5343.201
74,6965,2012.278,53.951,15756.396,0.001,7835.303,7921.093,33.347,10826.147,10335.198,2011.51,1727.615,0.12,2471.357,72392.684,453.493,6241.553
75,9048,1536.539,36.923,16113.021,0.001,8005.633,8107.389,31.93,8597.521,10610.324,3119.509,1865.171,0.135,3592.707,70973.506,447.055,9070.357
76,6605,794.125,6.347,19662.762,0,9800.306,9862.455,30.041,9897.232,11649.984,3667.026,1975.603,0.102,4834.587,52423.185,260.478,4728.072
77,7183,2703.796,118.319,11080.236,0.002,5213.851,5866.385,33.112,7887.258,7515.947,1791.296,1677.7,0.053,1547.388,75937.737,368.039,6360.796
78,6381,4201.848,324.954,19454.022,0.003,9499.15,9954.871,34.097,14141.679,13312.424,4456.26,3130.259,0.16,3835.356,62869.158,539.958,9633.107
79,8917,1252.743,20.428,21836.859,0.001,10864.188,10972.671,29.474,9300.009,13960.542,3368.472,2246.944,0.222,3998.672,48313.785,485.784,15998.153
80,8690,2070.145,30.718,11076.358,0.001,5464.327,5612.03,32.229,7302.484,6566.507,894.849,983.963,0.04,1158.605,73402.386,410.824,5170.034
81,8990,6722.399,514.015,27800.131,0.002,13259.996,14540.135,32.92,20537.062,17906.828,5772.911,4434.152,0.071,4682.579,70008.42,983.69,15560.291
82,6283,1872.335,178.022,15183.17,0.003,7429.187,7753.983,33.59,10442.215,9539.613,3031.225,2031.412,0.14,2676.21,73143.877,308.274,6916.455
83,1611,2929.141,248.247,19401.022,0.002,9458.625,9942.397,34.277,13329.779,12630.546,4152.973,2676.161,0.146,3367.988,66414.526,565.769,10847.226
84,6754,3550.555,69.832,19901.765,0.003,9704.302,10197.463,32.07,12630.266,12966.352,4580.944,3155.534,0.3,3821.903,59836.678,663.014,12276.96
85,7463,2603.162,142.363,11681.996,0.003,5745.894,5936.102,33.508,8253.023,7448.728,2574.848,1526.238,0.068,2051.471,61905.704,202.312,3034.235
86,6305,8458.865,446.869,14762.641,0.003,7183.043,7579.598,35.887,11722.298,10849.917,3820.731,2109.379,0.156,2572.188,66250.605,850.275,10012.918
87,5198,3273.418,194.689,21341.399,0.001,10335.486,11005.913,32.932,10311.493,13693.008,4924.061,2452.916,0.204,4041.003,59807.389,520.253,11378.749
88,8605,558.724,13.64,16394.424,0,7855.871,8538.553,34.274,10994.004,11975.685,2868.469,2178.638,0.112,2429.452,68011.175,604.635,9161.548
89,7659,2185.436,56.389,12061.387,0.001,5635.228,6426.159,32.463,7231.829,8069.508,2373.95,1878.044,0.081,1856.591,71469.651,481.417,10308.558
90,8894,2145.722,128.491,9205.144,0.002,4502.945,4702.198,34.674,6758.521,6471.921,1442.334,1129.182,0.062,988.251,66025.758,1079.645,26258.75
91,9000,1164.184,133.799,12391.411,0.002,6123.779,6267.632,33.301,9185.331,7888.737,2519.985,1778.54,0.093,1898.203,75005.655,236.687,4621.901
92,1791,6662.228,111.399,15611.308,0.004,7589.337,8021.972,33.569,11091.588,10881.171,3639.645,2342.778,0.131,2656.174,54954.047,570.4,11977.616
93,7542,2848.69,244.253,11834.027,0.002,5860.013,5974.014,34.653,9436.364,8216.423,2063.669,1631.397,0.067,1764.418,78896.324,404.538,5740.525
94,6772,766.683,10.896,13516.488,0.001,6670.655,6845.833,29.136,5770.762,8113.687,2307.321,1452.147,0.173,2909.087,47965.895,212.775,3827.171
95,7481,1320.217,25.956,13295.889,0.001,6503.603,6792.286,31.602,8348.929,8794.98,2839.076,1766.976,0.133,2535.811,54013.92,357.794,5275.128
96,9005,1900.788,73.917,36129.577,0.001,17739.179,18390.398,32.998,20850.21,24073.688,5099.042,3915.802,0.184,7759.55,76524.846,974.105,17036.751
97,7305,812.615,17.287,24022.607,0,12223.091,11799.516,29.533,8960.105,13884.546,4244.051,1646.849,0.282,5772.908,47091.856,331.382,6655.143
98,6944,1077.698,26.701,16601.294,0.001,7652.78,8948.514,29.801,5284.259,10098.865,3682.806,1869.908,0.34,2165.639,48147.946,285.588,5912.588
99,6572,6035.206,123.193,19689.406,0.012,9859.102,9830.303,32.799,14103.419,13181.83,2627.758,2502.016,0.197,2892.277,50462.815,532.566,9392.76
100,8849,3243.04,165.847,9072.85,0.002,4375.548,4697.301,34.055,7091.397,6123.329,1310.689,1257.636,0.044,1150.165,75851.364,351.345,6524.463
101,5802,4046.037,363.811,20442.846,0.002,9998.626,10444.219,33.202,11617.6,13910.101,4460.638,2625.021,0.177,3406.891,62970.532,760.264,15788.14
102,8710,1439.899,40.529,13900.201,0.002,6755.064,7145.137,31.718,9218.367,8845.041,2913.903,2450.963,0.284,2518.555,61744.636,228.24,3681.787
103,6717,1302.611,44.458,29050.588,0.001,14032.591,15017.997,33.549,20765.216,20076.561,6169.666,4573.53,0.18,4699.422,61162.612,904.473,12713.815
104,6699,5535.976,56.354,14688.592,0.009,7435.296,7253.296,33.719,9393.963,9764.756,3880.27,2192.764,0.428,2926.361,46402.435,383.317,8004.337
105,6578,1379.949,20.946,20484.287,0.001,9780.169,10704.118,31.803,11285.334,13157.567,4280.88,3317.92,0.277,3916.391,47122.07,331.37,6802.346
106,7184,553.367,13.964,17866.975,0,8086.917,9780.059,30.774,7415.575,11402.528,3319.101,3236.857,0.406,2665.624,42423.588,230.079,4624.867
107,6727,2604.76,39.462,16977.368,0.002,8439.809,8537.559,31.742,11581.643,10403.701,1965.277,2141.189,0.104,2335.412,67652.92,418.691,7810.967
108,6535,4195.214,65.934,17363.466,0.002,8545.656,8817.81,32.072,11680.637,10515.634,2681.546,2691.042,0.086,2351.292,65369.225,379.234,4630.783
109,7067,1386.55,23.711,10771.329,0.002,5232.4,5538.929,32.523,8001.135,7355.736,2090.445,1717.432,0.098,1634.931,65094.173,586.573,6554.149
110,7638,4085.372,49.335,13891.03,0.006,6711.212,7179.818,33.489,8138.557,8443.174,3063.813,2067.439,0.376,2450.099,57577.397,409.442,6718.163
111,7217,1263.922,16.029,9071.761,0.002,4467.621,4604.14,33.346,6931.096,5985.714,1385.66,1274.486,0.146,1259.641,73688.042,535.403,5494.433
112,7621,4104.464,47.042,9813.405,0.011,4779.135,5034.27,34.44,7227.884,6846.69,2503.462,1707.397,0.419,2102.575,52730.133,394.262,6121.653
113,7159,1490.696,24.358,11750.893,0.002,5801.307,5949.586,33.272,8798.473,7985.302,2557.735,1872.84,0.214,2056.676,66186.355,367.209,4748.537
114,6078,250.863,6.009,15731.619,0,7579.006,8152.612,28.516,5344.268,9082.41,2976.699,1706.889,0.333,2994.423,41740.098,165.979,2753.468
115,8848,4072.311,545.915,9465.333,0.005,4536.874,4928.46,35.732,7211.576,6735.579,2560.776,1350.299,0.185,1828.354,65722.571,256.169,3485.511
116,6534,1505.969,33.021,20079.166,0.001,9974.14,10105.026,31.556,12672.275,13525.056,4772.187,2685.605,0.118,4770.901,57328.118,662.342,21119.058
117,8843,690.159,15.204,17338.383,0.001,8144.221,9194.162,30.886,8257.633,10458.525,3355.588,2803.055,0.497,2653.799,45155.221,436.665,9801.551
118,7396,2546.822,83.222,11720.018,0.003,5816.94,5903.077,32.029,8322.742,7394.005,2293.465,1752.791,0.071,2226.951,66561.732,275.963,2985.534
119,8695,1850.609,41.974,13530.789,0.002,6661.561,6869.228,31.068,7062.784,8060.614,2322.037,1462.71,0.214,2817.444,64522.145,396.332,7466.998
120,9012,2999.36,121.609,21844.816,0.002,10623.07,11221.746,33.346,13999.905,14627.677,2897.294,2859.8,0.084,3337.229,79076.237,642.896,10586.737
121,4728,3922.291,195.383,16736.457,0.002,8156.919,8579.538,33.988,11018.554,11478.756,3992.579,2343.568,0.118,3185.803,61987.331,704.625,13131.321
122,6834,2243.686,120.528,15197.311,0.002,7518.164,7679.147,31.891,10138.328,9264.269,2914.011,2420.861,0.13,2904.854,62520.487,347.904,5561.68
123,7605,4348.964,159.649,12307.243,0.004,5900.501,6406.742,36.535,9909.608,9519.445,2732.58,1913.659,0.097,2151.7,64599.07,423.032,4710.451
124,6027,831.729,33.479,13180.413,0.001,6531.129,6649.284,33.314,8575.646,9212.569,2695.442,1808.971,0.12,2476.98,62594.659,621.484,13538.822
125,8871,2317.492,43.668,13497.514,0.002,6667.04,6830.474,33.112,9815.726,8809.759,2187.671,2002.635,0.11,2030.174,69102.547,791.664,8505.815
126,8985,5807,268.344,42478.796,0.003,21220.448,21258.347,34.211,30208.868,28614.867,7888.664,5855.612,0.163,7095.384,73301.106,1628.287,29152.183
127,7547,2668.675,126.693,11463.118,0.003,5679.748,5783.37,34.599,9145.401,7593.3,1759.359,1598.12,0.052,1655.02,77136.555,318.31,4029.384
128,5132,3956.711,504.7,26170.52,0.005,13715.892,12454.628,35.364,14370.487,16237.428,5927.235,2863.483,0.492,4388.69,58853.573,922.368,16554.415
129,8779,895.83,22.521,9042.86,0.001,4496.3,4546.56,34.28,6799.351,5903.972,807.938,1008.249,0.1,886.628,75638.619,348.729,4207.583
130,7143,1992.606,111.978,22266.775,0.001,10580.198,11686.577,33.007,12836.718,15108.987,4497.838,3029.45,0.183,3291.986,63315.921,560.029,11331.064
131,6253,9212.706,116.446,13797.869,0.007,6670.427,7127.442,33.403,8883.235,8312.884,2477.927,1844.427,0.117,2409.54,58619.754,310.275,7095.804
132,8742,794.155,32.828,21213.149,0.001,10123.119,11090.031,33.582,13454.501,14784.522,2188.518,2531.911,0.166,2226.447,69633.349,803.995,11666.015
133,7620,2320.644,161.032,12474.983,0.002,6348.171,6126.812,34.702,9156.233,8353.814,1973.763,1542.476,0.048,1730.971,74549.931,393.236,5015.5
134,8991,2918.305,164.684,19905.746,0.002,9879.82,10025.927,33.412,14838.412,13444.047,4213.894,2970.591,0.093,3133.338,75434.77,497.206,18026.194
135,9003,4437.708,440.238,24814.656,0.002,12067.781,12746.875,32.475,15404.71,16404.079,3615.397,2898.856,0.086,4148.587,67499.754,909.685,18867.949
136,6048,5093.299,94.889,27675.933,0.004,14795.474,12880.458,34.299,17018.422,19005.448,6923.133,3732.533,0.233,4538.28,64506.244,862.854,16114.594
137,7633,1228.299,69.995,21186.761,0.001,10507.778,10678.982,33.119,11092.714,14229.841,4691.918,2699.271,0.408,2706.584,57578.623,610.449,10078.928
138,7216,1344.418,11.845,14594.931,0.001,7338.18,7256.751,33.134,9255.494,10009.21,3104.056,1885.105,0.089,3088.454,61684.826,1116.019,21506.471
139,8988,3062.226,412.071,17423.282,0.001,8551.883,8871.399,33.126,11961.939,11783.536,1852.744,1871.009,0.047,2019.658,70165.253,1238.372,33347.041
140,8981,1914.669,82.068,12634.831,0.001,6189.747,6445.085,32.12,7596.458,8234.076,2358.845,1567.504,0.073,2371.463,72446.054,363.899,8211.193
141,8996,1331.846,30.894,16901.989,0.001,8344.126,8557.863,32.118,9890.896,11171.453,2604.514,2090.285,0.121,3198.127,71500.295,358.341,7470.137
142,6358,6260.98,102.681,26844.254,0.004,15557.71,11286.544,34.479,16304.669,18884.177,7424.849,3604.557,0.163,4382.763,62939.857,598.51,10701.149
143,7148,4269.957,52.245,13392.885,0.004,6767.402,6625.483,33.632,10449.342,9030.913,3762.819,2538.355,0.264,2986.667,63204.842,264.314,3166.67
144,9011,1515.816,45.454,25212.836,0.001,12940.443,12272.393,31.497,11681.328,16193.368,3891.35,2483.838,0.193,6556.457,69447.285,493.743,8936.427
145,6239,3358.086,137.356,19248.826,0.002,9039.206,10209.62,33.219,9892.694,12702.264,4078.395,2608.955,0.191,2915.283,61350.495,518.444,11981.163
146,6212,1717.616,134.639,14827.693,0.001,7025.989,7801.705,33.945,8697.653,10013.679,3346.664,2111.509,0.132,2433.658,59137.48,244.428,3720.571
147,7146,674.065,19.439,25109.116,0.001,12502.363,12606.753,32.002,11790.731,16932.948,3916.701,2669.881,0.247,4897.248,58165.657,551.526,6148.093
148,7134,982.069,37.332,11776.178,0.001,5851.706,5924.471,34.001,7694.13,8019.354,1597.892,1357.831,0.079,2166.446,70149.896,680.711,12042.573
149,6249,7762.343,158.561,16402.103,0.004,7819.258,8582.846,32.505,11807.551,11155.373,3477.033,2870.976,0.107,2633.181,70822.005,499.588,9481.164
150,8897,5646.617,253.071,19357.65,0.005,9903.648,9454.002,36.089,12655.656,12862.148,4901.362,2250.788,0.201,4217.663,57638.528,428.775,7406.277
151,8614,993.471,17.673,23047.578,0.001,12152.191,10895.388,28.795,8228.833,13795.286,3372.687,1504.008,0.255,5304.144,47031.251,372.479,7316.763
152,8866,4304.661,49.277,10509.687,0.004,5192.208,5317.479,32.984,7629.171,6639.376,1782.189,1571.647,0.089,2146.138,63803.168,323.528,5713.262
153,7894,1965.214,148.262,4607.508,0.004,2156.261,2451.247,35.259,3027.546,2985.433,863.28,477.443,0.088,700.375,63107.14,244.025,3426.227
154,8751,1760.789,31.193,15134.198,0.001,7654.008,7480.19,31.653,9277.456,9978.132,2838.588,2055.392,0.077,3144.319,59299.383,1130.028,19079.191
155,8989,4507.341,152.894,40780.832,0.002,18847.892,21932.94,32.241,23094.93,26922.397,9779.377,6408.141,0.204,7387.459,68665.321,928.205,18612.124
156,7486,1584.26,28.241,13310.127,0.001,6418.675,6891.452,31.821,8555.675,9086.49,2317.06,2067.724,0.187,2051.144,61142.703,629.633,11838.515
157,6209,5332.8,46.494,16365.741,0.009,7843.495,8522.246,33.741,11227.786,10870.364,3574.106,2415.045,0.385,2595.637,49695.013,430.972,10296.82
158,1612,6378.213,168.991,22519.119,0.004,10704.81,11814.308,33.309,14152.859,15170.201,5565.069,3462.4,0.155,4335.509,60121.312,640.662,12360.785
159,5214,2260.554,73.463,32048.124,0.002,14874.012,17174.112,32.658,10635.372,19559.375,6461.762,3599.736,0.612,4918.712,53915.129,560.957,17708.75
160,8812,3228.404,249.211,16279.334,0.001,7714.05,8565.284,33.971,11124.764,11396.856,3247.017,2379.564,0.084,2409.164,64533.893,490.708,9210.427
161,7123,2621.676,69.395,11796.822,0.002,5751.745,6045.077,33.91,8452.401,7771.844,1555.098,1465.676,0.071,1501.284,83398.459,431.965,6069.07
162,7753,1374.46,59.775,18819.012,0.001,9098.961,9720.051,32.527,11072.966,12853.218,2656.021,2439.107,0.104,3215.852,78421.793,687.16,11661.765
163,5825,3988.878,113.214,15028.295,0.005,7534.62,7493.675,33.016,11068.345,10280.015,3412.028,2424.561,0.137,2607.57,51211.912,347.356,4876.536
164,6685,1044.647,45.761,14283.67,0.001,6681.126,7602.544,30.186,5623.584,8520.172,2692.975,2187.671,0.245,2519.793,42860.04,156.866,2449.569
165,7707,4036.665,39.467,6335.709,0.012,3349.329,2986.379,33.362,4120.738,4424.417,1912.663,892.047,0.181,1402.651,54265.851,215.704,3374.474
166,6561,1738.437,36.299,29023.982,0.001,14464.174,14559.808,32.134,18369.681,18807.005,5012.221,3845.789,0.179,5312.339,64177.364,1210.313,14396.751
167,8995,1903.705,76.321,9783.893,0.001,4548.712,5235.181,32.707,6242.121,6576.756,1652.249,1497.391,0.068,1547.202,71998.137,208.431,4804.959
168,8597,1148.951,30.226,12527.865,0.001,6123.95,6403.914,33.045,7139.981,8427.595,1703.91,1228.238,0.086,2534.788,78127.206,278.664,4848.598
169,8142,2009.79,43.929,8453.722,0.003,4257.115,4196.608,32.705,6146.571,5474.336,1771.962,1291.077,0.149,2060.71,61940.806,191.806,2307.001
170,7646,1451.669,66.722,14947.166,0.001,7170.019,7777.147,32.586,8980.765,10050.621,2592.811,2067.693,0.194,2554.204,70750.442,346.751,7305.292
171,9006,3052.343,82.67,26622.154,0.001,12596.205,14025.948,32.765,16819.827,17889.423,3860.522,3070.912,0.09,3866.959,76263.538,732.302,13089.771
172,8009,3702.158,79.087,34718.808,0.002,17150.957,17567.851,32.195,19026.799,22686.363,6676.255,4281.775,0.268,7222.819,70234.52,1035.161,24141.625
173,6713,1174.157,32.96,14619.372,0.001,7356.121,7263.25,31.675,8681.762,9018.903,1996.105,1399.121,0.281,2509.466,64931.204,431.729,11402.143
174,4405,5375.837,38.376,13794.648,0.008,7055.264,6739.384,32.84,9082.399,9022.529,2344.977,1697.213,0.148,2440.355,49595.02,362.326,7866.347
175,1601,7795.466,110.733,15277.923,0.007,7803.812,7474.111,36.168,11045.131,10962.984,5160.286,2075.103,0.24,2698.659,56571.853,387.891,5816.525
176,6642,14219.969,331.942,13091.466,0.011,6390.463,6701.003,34.641,9244.302,9053.92,3073.275,2208.826,0.149,2380.759,47799.915,576.161,9437.13
177,6442,2378.537,51.331,9014.777,0.003,4439.096,4575.681,35.645,7444.76,6089.239,2380.54,1208.339,0.066,1875.163,72001.239,184.25,2465.493
178,6532,1128.912,31.317,21926.741,0.001,10849.048,11077.693,30.759,10958.14,14360.284,4567.481,2388.132,0.155,4914.977,54327.567,422.448,4740.47
179,6594,13271.801,205.908,14905.012,0.009,7262.905,7642.107,33.291,10303.05,9450.124,3130.19,1919.318,0.115,2761.978,53104.834,324.807,6888.373
180,8979,2087.216,44.805,14556.737,0.001,7088.41,7468.326,33.541,9032.811,10501.156,1663.968,1637.24,0.056,1871.621,85061.777,1011.942,19282.809
181,1603,3904.457,730.944,10370.257,0.007,6096.628,4273.629,35.737,6097.542,7508.329,3188.81,1169.746,0.255,1474.169,58109.817,219.648,3453.079
182,5039,3594.367,47.719,14965.951,0.004,7439.656,7526.296,33.307,10495.285,9477.164,3520.296,1891.675,0.159,2924.37,56959.773,294.952,4295.37
183,8867,1023.609,23.383,10989.592,0.001,5452.896,5536.697,32.254,8152.981,7301.542,2208.941,1684.646,0.204,1914.514,67626.566,500.785,5732.942
184,7147,1243.131,11.655,7970.628,0.001,3921.383,4049.245,32.321,5816.339,5377.689,1128.725,1136.259,0.058,1048.048,71312.544,511.509,6973.075
185,2037,1983.319,68.087,9348.175,0.001,4698.793,4649.382,33.215,6910.65,6313.357,1955.91,1543.897,0.085,1690.953,70886.617,293.285,3975.432
186,5193,2623.357,113.857,46407.678,0.001,21866.79,24540.888,32.861,16006.133,29679.791,10009.514,5428.433,0.696,7640.856,55203.845,730.686,18728.976
187,8759,1604.349,38.436,13515.266,0.002,6504.946,7010.32,32.988,9847.255,9524.614,1988.361,1832.302,0.114,1786.769,71309.395,706.959,8236.552
188,7637,1145.532,40.388,10274.635,0.001,4935.551,5339.085,33.64,6052.565,7109.808,1376.402,1119.206,0.087,1066.866,63279.602,438.004,7175.699
189,8865,2387.396,63.475,14903.579,0.003,7390.552,7513.027,31.427,9869.671,9040.26,2144.981,2061.212,0.092,2342.986,65037.006,365.029,4770.617
190,6261,2376.679,143.707,18941.176,0.002,8904.801,10036.375,33.606,11139.827,10268.594,2905.789,2088.407,0.129,2778.447,60086.158,746.256,18889.552
191,6825,1101.975,26.343,12340.91,0.001,6036.484,6304.426,32.545,8156.459,8147.385,2895.063,1975.96,0.141,2328.318,57187.504,296.33,4586.073
192,1873,4363.502,46.531,11850.688,0.004,5771.407,6079.282,33.961,8886.832,8087.552,2665.846,1928.438,0.157,2299.892,52861.977,400.908,6299.079
193,8780,903.506,19.317,15911.977,0.001,7765.463,8146.514,32.938,10922.615,10944.99,2676.064,2374.571,0.179,2260.918,69119.636,976.785,19108.857
194,7639,590.008,14.061,7751.912,0.001,3684.804,4067.108,34.815,5645.239,5539.735,780.559,779.254,0.077,645.882,74469.029,811.974,14230.171
195,1962,7746.539,140.158,15736.492,0.019,7669.94,8066.552,35.28,11902.086,10712.107,4192.505,2344.832,0.394,3179.331,44692.574,716.428,12406.164
196,9015,1972.315,64.667,12169.366,0.001,5946.462,6222.904,33.485,7936.283,8172.739,1508.498,1364.309,0.056,1822.786,83693.498,343.297,5781.803
197,6116,846.811,17.021,11746.672,0.001,5926.799,5819.873,29.455,5142.165,7004.497,2254.066,984.55,0.145,2940.397,49818.821,249.114,5205.238
198,5106,6432.657,370.046,43131.1,0.002,20317.047,22814.053,32.702,16203.76,28089.939,9838.782,5282.088,0.458,6583.287,57691.442,890.772,19809.709
199,8883,4824.696,64.809,11385.744,0.004,5660.036,5725.708,33.758,8716.243,7697.695,2687.278,1919.654,0.105,2263.822,56198.79,374.84,5294.71
200,7232,3846.315,454.642,14821.278,0.005,7234.421,7586.857,35.994,10654.299,9962.049,3863.551,1977.21,0.201,2769.273,57512.567,410.232,5833.82
201,1357,2775.714,116.502,32407.07,0.001,15634.485,16772.585,32.604,11161.256,21680.403,6656.775,3761.95,0.473,4980.214,56340.42,866.782,28889.322
202,5266,17511.92,914.392,26902.082,0.01,13739.612,13162.47,33.589,18533.136,17185.173,4468.795,3299.307,0.108,4982.896,52036.665,836.607,14199.562
203,7526,2625.905,122.486,14439.165,0.002,7024.1,7415.065,33.155,11374.223,9643.942,2919.636,2404.307,0.137,2290.149,71539.4,259.555,3875.931
204,8992,1955.826,174.95,14315.997,0.003,7019.863,7296.134,34.171,11877.898,9599.074,3250.506,2081.87,0.111,2650.89,79288.75,372.541,5628.583
205,8975,678.132,11.026,19596.353,0,9649.979,9946.374,28.93,7161.543,10995.86,3519.76,1709.615,0.227,4268.809,47343.54,288.247,5389.201
206,8544,883.293,15.365,17372.404,0.001,8009.423,9362.982,31.198,8299.334,10827.667,3331.358,2921.648,0.272,2822.257,46395.776,340.369,7944.918
207,6245,2706.716,187.261,14035.298,0.003,6971.67,7063.628,34.154,12034.639,9409.847,3251.833,1970.972,0.074,2546.99,77470.28,374.533,5049.676
208,9001,2645.477,251.357,11799.185,0.002,5809.591,5989.594,33.316,8573.135,7907.9,1915.647,1708.879,0.061,1873.522,72117.263,340.518,4956.214
209,7103,2078.332,132.872,11567.364,0.002,5685.703,5881.661,33.333,8054.127,7745.746,2199.766,1328.909,0.063,1904.155,62273.123,489.83,10218.485
210,6438,2135.394,19.034,16927.91,0.002,8447.525,8480.385,32.759,10760.682,10822.026,2966.307,2181.35,0.207,3361.735,68687.883,534.553,9332.531
211,8667,1432.601,47.006,32684.689,0.001,16232.131,16452.558,32.199,18876.046,19968.958,5783.811,4024.953,0.353,7380.698,63034.411,817.978,16493.532
212,7314,5116.004,220.76,20227.979,0.002,10266.334,9961.645,33.131,12394.504,13509.889,3275.455,2492.167,0.065,3007.796,69682.846,986.021,24703.416
213,6645,5238.472,198.722,15474.234,0.002,7643.635,7830.599,32.419,9044.512,10372.765,2556.327,1730.811,0.073,3071.051,70423.589,675.328,14246.06
214,9017,2468.761,144.66,22135.516,0.001,10370.976,11764.539,31.982,13893.487,15051.797,4746.971,3152.263,0.127,3786.298,69814.565,553.489,9313.494
215,1419,3519.035,140.377,22768.244,0.002,11033.193,11735.051,34.25,16205.791,15457.943,2721.714,2482.499,0.053,2212.911,72966.784,954.147,14129.602
216,6181,7707.436,172.633,14473.111,0.01,7178.001,7295.11,34.338,9316.959,9802.904,3714.515,2091.236,0.266,2522.281,49720.309,404.247,7085.56
217,9002,5281.534,158.062,57926.263,0.002,28104.885,29821.378,32.18,30302.542,39685.262,9280.29,6296.795,0.205,11389.77,68691.422,2058.827,41223.181
218,9004,2139.313,53.605,22218.02,0.001,11173.563,11044.457,31.897,10546.878,14739.731,3816.065,2558.509,0.161,5439.414,71029.188,354.702,7295.396
219,1916,4152.217,158.854,13929.992,0.004,6739.402,7190.59,35.624,10298.86,9364.939,3703.929,1803.772,0.166,2896.835,58805.884,350.513,6421.578
220,7423,4155.629,217.245,21125.442,0.004,10023.993,11101.449,33.546,13830.223,13290.786,4176.079,3036.092,0.243,3377.877,56599.54,682.597,13807.242
221,8136,1726.258,33.461,13453.644,0.002,6638.7,6814.944,33.296,9260.333,8389.425,2498.355,1876.243,0.147,2274.306,66493.284,423.845,5052.699
222,5324,3355.74,144.26,15411.2,0.002,7459.645,7951.555,32.936,8956.065,10139.868,3673.855,2082.438,0.155,2499.533,58966.768,595.999,12374.457
223,7650,233.103,6.088,40958.701,0,20850.866,20107.835,32.283,17486.026,25207.582,5146.065,3394.955,0.328,8346.191,77616.219,1891.878,46480.285
224,5018,5264.946,538.54,19711.708,0.005,9559.248,10152.46,35.413,13555.447,13170.972,5682.101,2416.162,0.244,3925.522,58534.276,447.387,6359.602
225,1387,8485.095,138.106,12251.824,0.007,5888.873,6362.95,33.544,6744.977,7404.475,2548.919,1500.871,0.288,1952.704,54804.682,300.034,5941.056
226,9046,2088.013,93.292,10471.721,0.001,5068.105,5403.615,32.617,6450.183,6855.327,1716.24,1411.068,0.061,1761.194,73437.91,238.206,5396.778
227,8987,3566.859,98.607,19399.404,0.002,9657.397,9742.007,34.589,15270.465,12780.685,3474.311,2538.477,0.051,2659.093,79972.37,672.655,7200.504
228,5054,4861.912,107.484,15026.497,0.004,7037.983,7988.514,33.041,8707.854,9106.627,3511.316,2275.573,0.361,2611.463,49215.932,258.245,6031.565
229,5376,2300.229,120.134,9078.836,0.002,4224.694,4854.142,33.058,3318.014,5935.605,2125.882,1182.411,0.201,1563.073,55592.971,197.917,5466.419
230,1280,3211.445,118.151,29197.901,0.001,13477.718,15720.184,32.822,11529.612,19346.025,6602.413,4067.508,0.335,4684.225,56072.404,560.936,14775.831
231,5668,7096.307,164.135,11591.012,0.008,5761.311,5829.701,34.176,8612.423,7918.105,2766.575,1949.332,0.165,2670.353,52403.154,406.487,8176.124
232,8870,1432.851,49.087,10115.033,0.002,5105.149,5009.884,33.416,7666.788,6762.29,2047.075,1662.802,0.162,1681.333,67926.194,214.448,2112.289
233,7432,3333.644,68.215,13724.187,0.005,6564.468,7159.719,33.014,9487.719,9361.85,2802.607,2652.357,0.183,2633.061,51212.075,462.176,7941.508
234,8878,663.26,32.733,25589.91,0.001,12633.546,12956.364,31.776,12552.799,17351.182,3323.488,2725.775,0.243,4233.771,57069.939,760.529,10376.459
235,7573,689.948,21.625,25114.558,0.001,12570.819,12543.739,29.394,10042.626,14950.202,4252.357,2184.251,0.349,6263.649,47336.049,365.826,5718.055
236,6679,4991.879,47.861,14902,0.01,7120.553,7781.447,34.172,10068.631,9824.428,3573.132,2377.207,0.414,2737.909,47820.373,480.114,8758.619
237,6871,2739.664,74.401,15877.272,0.001,7975.383,7901.889,32.165,10074.581,10460.241,3076.363,2076.731,0.073,2960.551,63453,1250.239,21743.086
238,6524,2049.168,46.256,11361.655,0.002,5777.97,5583.685,31.616,7327.427,7175.164,1769.581,1434.28,0.088,2454.516,67615.355,467.179,8035.012
239,6791,3152.787,110.56,16191.771,0.002,7967.305,8224.467,35.023,11837.602,10952.292,3447.364,2127.739,0.068,2737.499,71595.263,939.209,13706.396
240,8879,1840.25,44.74,16306.407,0.001,8006.82,8299.587,32.869,9040.574,11098.113,2519.562,2346.983,0.076,3217.201,80004.111,458.807,8735.138
241,7848,2561.069,101.543,12610.886,0.005,6094.665,6516.221,34.567,9362.321,8441.159,3553.691,1490.115,0.251,2623.001,57968.363,260.952,3825.906
242,8906,1761.869,68.505,12000.608,0.002,5930.02,6070.588,35.56,9913.298,8153.375,2726.109,1552.662,0.06,1999.405,69776.717,341.861,4043.039
243,6583,7246.926,143.862,12432.774,0.007,5676.538,6756.236,31.842,6747.937,7942.808,2232.101,2524.308,0.25,1889.155,46478.937,219.323,3926.013
244,8664,962.246,64.269,25090.525,0.001,12287.852,12802.673,32.949,17253.573,16143.136,3502.805,3471.531,0.237,3612.508,71092.23,693.4,8908.482
245,6029,1393.066,19.309,11539.969,0.001,5646.838,5893.131,32.337,8155.972,7758.117,1028.401,1435.751,0.117,1425.799,73467.888,775.127,14692.353
246,6826,956.638,19.897,34685.906,0,17516.667,17169.239,30.576,16387.343,23461.491,4424.304,3473.541,0.227,7453.724,55379.974,703.722,7666.66
247,6926,1856.014,28.908,24674.407,0.002,12111.755,12562.653,32.197,17409.795,15804.281,2874.153,3310.749,0.25,3056.111,72623.574,968.744,13339.22
248,6801,5170.108,61.282,9017.953,0.013,4388.567,4629.387,34.267,6608.49,5620.353,1768.353,1192.413,0.203,1858.866,49146.2,253.011,3577.07
249,9008,2862.866,107.186,21585.683,0.001,10428.022,11157.66,33.362,13354.245,15441.673,2442.357,2482.454,0.068,2872.483,81703.034,1939.831,40166.565
250,7173,2003.248,157.679,11500.598,0.001,5408.189,6092.409,33.762,6392.277,7622.365,2138.807,1819.678,0.12,1682.775,62227.347,271.686,6013.599
251,7655,2495.451,62.281,12043.31,0.001,5920.323,6122.987,33.317,9036.908,8113.017,2265.534,1745.396,0.085,1845.939,66127.146,277.792,3160.595
252,6216,7084.124,85.962,9987.97,0.007,4945.304,5042.666,36.038,7430.22,7058.316,3060.462,1245.728,0.08,2277.372,63457.432,343.544,4345.923
253,8027,3239.296,104.926,10178.572,0.005,4960.751,5217.821,33.307,6435.184,6781.529,2244.425,1555.225,0.327,2180.847,47514.399,517.753,15896.195
254,6954,3765.294,185.082,17254.483,0.002,8614.132,8640.351,33.931,12875.704,11530.136,3713.034,3064.23,0.111,3197.165,69203.425,530.348,6474.209
